// nasumicno generisana vokselna kocka, lvl 4, seed 129832191

BRUTE FORCE
54.933
56.195
55.385
53.473
50.264
48.171
46.651
45.648
44.738
44.078
43.478
43.006
42.631
42.301
42.009
41.732
41.464
41.266
41.120
41.021

DIR ARRAY
11.396
11.249
10.933
10.949
10.827
10.841
10.808
10.812
10.803
10.815
10.802
10.813
10.889
10.912
10.893
10.891
10.931
10.973
11.032
11.064

DIR ARRAY O
2.707
2.446
2.321
2.284
2.312
2.266
2.251
2.218
2.215
2.199
2.204
2.181
2.198
2.190
2.190
2.196
2.195
2.189
2.182
2.176

GRID MARCH 1
14.240
13.962
13.989
13.617
13.880
14.025
14.087
14.146
14.215
14.222
14.248
14.255
14.242
14.262
14.221
14.229
14.237
14.257
14.292
14.314

GRID MARCH 2
7.403
7.265
7.303
7.621
7.262
6.956
6.712
6.508
6.362
6.254
6.173
6.100
6.038
5.991
5.932
5.913
5.877
5.846
5.813
5.795

GRID MARCH 2 O
3.093
2.736
2.602
2.639
2.799
2.904
2.971
3.002
3.050
3.080
3.108
3.144
3.165
3.186
3.200
3.218
3.229
3.240
3.250
3.259

OCTREE BRUTE FORCE
15.722
15.360
15.382
15.494
15.811
15.891
16.014
15.758
15.641
15.590
15.558
15.513
15.512
15.501
15.483
15.462
15.440
15.418
15.393
15.375

OCTREE RECURSIVE
5.835
5.591
5.518
5.507
5.519
5.508
5.501
5.592
5.698
5.794
5.833
5.890
5.932
5.967
6.010
6.031
6.051
6.075
6.099
6.110

OCTREE RECURSIVE O
5.645
5.455
5.465
5.527
5.517
5.494
5.468
5.468
5.469
5.464
5.455
5.449
5.443
5.445
5.448
5.447
5.458
5.456
5.452
5.450

// nasumicno generisana vokselna kocka, lvl 5, seed 129832191

BRUTE FORCE
299.884
296.635
231.938
199.374
179.571
166.324
157.019
149.790
144.331
140.340
137.237
134.413
132.256
130.102
128.405
126.910
125.553
124.279
123.201
122.210

DIR ARRAY
70.472
71.143
71.192
71.452
71.186
70.992
70.818
70.692
70.666
71.006
70.797
70.634
70.641
70.540
70.450
70.359
70.342
70.358
70.399
70.319

DIR ARRAY O
4.612
4.652
4.842
4.885
4.941
4.962
4.978
4.987
4.992
4.991
5.017
5.015
5.010
5.001
5.015
5.021
5.024
5.031
5.024
5.020

GRID MARCH 1
37.460
37.363
37.101
37.287
37.327
37.249
37.200
37.182
37.144
37.202
37.242
37.103
36.981
36.977
37.023
37.017
36.985
36.975
36.948
36.964

GRID MARCH 2
7.686
8.496
9.217
9.666
9.825
9.978
10.104
10.219
10.299
10.352
10.413
10.443
10.491
10.506
10.549
10.561
10.547
10.575
10.580
10.600

GRID MARCH 2 O
10.820
9.106 
8.355 
8.069 
7.831 
7.695 
7.560 
7.478 
7.412 
7.347 
7.317 
7.294 
7.272 
7.244 
7.233 
7.222 
7.217 
7.208 
7.201 
7.194 

OCTREE BF
15.631
15.948
16.747
17.090
17.297
17.367
17.482
17.503
17.577
17.656
17.727
17.713
17.719
17.714
17.790
17.837
17.896
17.896
17.936
17.955

OCTREE REC
11.236
11.126
12.682
13.590
14.145
14.479
14.796
14.938
15.110
15.157
15.252
15.293
15.350
15.428
15.465
15.540
15.586
15.624
15.657
15.712

OCTREE REC O
17.948
16.892
16.527
16.402
16.338
16.280
16.259
16.259
16.221
16.196
16.188
16.186
16.186
16.179
16.185
16.166
16.150
16.135
16.130
16.123

// nasumicno generisana vokselna kocka, lvl 6, seed 129832191

BRUTE FORCE
1264.523
3209.328
3482.578
2762.621
2378.549
2117.345
1934.943
1798.079
1691.398
1608.670
1537.660
1475.961
1421.634
1375.062
1338.881
1309.370
1281.298
1255.671
1231.543
1210.188

DIR ARRAY
585.716  
621.833  
645.308  
648.899  
651.411  
687.522  
691.124  
694.887  
698.761  
702.843  
707.031  
711.320  
715.715  
720.234  
724.869  
729.625  
734.498  
739.493  
744.613  
749.864

DIR ARRAY O
23.041
22.435
22.527
22.699
22.867
22.779
22.734
22.649
22.641
22.892
22.906
22.790
22.790
22.803
22.789
22.771
22.835
22.976
23.103
23.150

GRID MARCH 1
66.276
65.286
64.553
65.028
64.701
64.931
65.092
64.977
64.897
65.007
65.149
65.187
65.283
65.388
65.525
65.559
65.631
65.673
65.761
65.901

GRID MARCH 2
12.237
12.446
12.805
12.729
13.216
13.218
13.288
13.134
13.009
12.918
12.799
12.774
12.680
12.711
12.647
12.623
12.581
12.540
12.526
12.528

GRID MARCH 2 O
3.710
3.587
3.686
3.583
3.536
3.539
3.525
3.504
3.497
3.497
3.477
3.473
3.474
3.466
3.454
3.470
3.463
3.459
3.450
3.444

OCTREE BF
33.260
31.373
32.946
34.841
35.864
36.544
36.527
37.129
37.445
37.377
37.648
37.702
38.048
38.213
38.332
38.557
38.743
38.697
38.858
39.211

OCTREE REC
22.374
23.291
22.471
22.169
21.966
21.831
21.955
21.982
21.991
21.983
22.002
22.079
22.138
22.231
22.307
22.374
22.429
22.442
22.452
22.480

OCTREE REC O
31.415
30.720
30.655
28.949
27.325
26.297
25.562
24.972
24.408
24.033
23.729
23.412
23.161
23.020
22.768
22.550
22.337
22.155
22.007
21.912

	bf	dirarr	dirarrO	gm1	gm2	gm2o	octbf	octrec	octreco
Cube16	45.98	10.93	2.256	14.147	6.456	3.044	15.566	5.803	5.474
Cube32	162.49	70.72	4.951	37.137	10.055	7.704	17.424	14.608	16.348
Cube64	1784.27	695.278	22.809	65.290	12.770	3.515	36.866	22.247	25.069
