// =-=-=-= GRID MARCH 2 O

ares-vallis_128, Arctic, GRID MARCH 2 O
2.379
1.807
1.634
1.542
1.542
1.726
1.649
1.607
1.608
1.607
1.683
1.666
1.721
1.704
1.683
1.792
1.765
1.752
1.800
1.802

ares-vallis_128, Dune, GRID MARCH 2 O
9.436
8.091
7.863
7.979
7.974
7.865
7.952
7.964
7.924
7.875
7.713
7.719
7.724
7.779
7.740
7.808
7.823
7.806
7.777
7.807

ares-vallis_128, Pastoral Shallow, GRID MARCH 2 O
7.504
7.327
7.100
6.793
6.653
6.588
6.497
6.482
6.392
6.296
6.308
6.368
6.425
6.429
6.433
6.439
6.480
6.527
6.575
6.623

ares-vallis_128, Mars, GRID MARCH 2 O
12.741
12.970
12.888
12.731
12.894
13.254
13.673
13.507
13.281
13.136
12.999
12.891
12.820
12.808
12.770
12.918
12.877
12.821
12.814
12.836

// =-=-=-= OCTREE REC O

ares-vallis_128, Arctic, OCTREE REC O
15.856
17.027
16.167
15.657
15.448
15.255
15.038
14.903
14.790
14.710
14.609
14.536
14.541
14.509
14.461
14.461
14.487
14.504
14.517
14.518

ares-vallis_128, Dune, OCTREE REC O
19.845
20.365
20.510
20.606
20.683
20.768
20.838
20.910
20.969
21.007
21.043
21.100
21.142
21.155
21.212
21.220
21.238
21.257
21.267
21.277

ares-vallis_128, Mars, OCTREE REC O
22.533
22.483
22.703
22.694
22.606
22.720
22.646
22.662
22.681
22.676
22.669
22.658
22.660
22.639
22.636
22.617
22.619
22.604
22.614
22.623

ares-vallis_128, Pastoral Shallow, OCTREE REC O
13.307
13.599
14.141
14.474
14.572
14.653
14.770
14.877
14.908
14.955
15.043
15.097
15.093
15.081
15.109
15.130
15.128
15.141
15.148
15.132