// =-=-=-= GRID MARCH 2 O

ares-vallis_128, Arctic, GRID MARCH 2 O
6.458
6.365
6.405
6.414
6.471
6.399
6.399
6.331
6.335
6.286
6.318
6.273
6.243
6.248
6.238
6.235
6.214
6.196
6.257
6.238

ares-vallis_128, Dune, GRID MARCH 2 O
9.114
8.791
8.692
8.576
8.409
8.114
8.062
8.005
7.962
7.924
7.917
7.945
8.018
7.928
7.799
7.683
7.610
7.518
7.443
7.373

ares-vallis_128, Pastoral Shallow, GRID MARCH 2 O
8.634
8.171
7.928
7.842
8.172
8.403
8.588
8.614
8.634
8.628
8.647
8.736
8.757
8.763
8.838
8.825
8.834
8.829
8.836
8.835

ares-vallis_128, Mars, GRID MARCH 2 O
7.159
6.835
6.684
6.986
6.951
7.058
7.282
7.153
7.078
7.137
7.314
7.446
7.468
7.512
7.545
7.554
7.563
7.573
7.566
7.550

// =-=-=-= OCTREE REC O

ares-vallis_128, Arctic, OCTREE REC O
19.834
19.895
19.831
19.990
20.059
20.102
20.083
20.148
20.137
20.105
20.110
20.111
20.138
20.143
20.155
20.139
20.130
20.105
20.097
20.054

ares-vallis_128, Dune, OCTREE REC O
36.468
36.500
36.942
36.947
36.463
35.606
35.350
34.649
34.194
33.833
33.511
33.261
33.052
32.893
32.692
32.504
32.373
32.238
32.130
32.049

ares-vallis_128, Mars, OCTREE REC O
28.577
27.732
27.767
28.071
28.015
27.989
28.010
27.937
27.841
27.802
27.694
27.704
27.753
27.814
27.834
27.929
27.979
28.009
28.028
28.009

ares-vallis_128, Pastoral Shallow, OCTREE REC O
25.092
24.686
24.644
24.608
24.487
24.459
24.458
24.518
24.572
24.605
24.628
24.644
24.683
24.709
24.704
24.678
24.665
24.650
24.639
24.643