// nasumicno generisana vokselna kocka, lvl 4, seed 129832191

BRUTE FORCE
2193.580  
2187.839  
2195.231  
2310.935  
2742.588  
2635.473  
2780.192  
2687.515  
2901.346  
2815.920  
2954.738  
2872.194  
2998.356  
2910.479  
2987.802  
2854.616  
2992.440  
2917.863  
2968.501  
2895.276

DIR ARRAY
1975.235
2100.665
2775.577
3037.751
2902.742
2752.853
2834.931
2917.023
2999.102
3081.185
3163.264
3245.348
3327.427
3409.501
3491.595
3573.679
3655.750
3737.832
3819.918
3901.997

DIR ARRAY O
48.121
47.247
47.223
47.861
47.873
47.416
47.264
46.883
46.492
46.146
45.897
45.615
45.259
44.903
44.663
44.480
44.318
44.208
43.973
43.786

GRID MARCH 1
15.530
14.510
14.036
13.616
13.432
13.362
13.240
13.153
13.138
13.067
12.996
12.983
12.958
12.941
12.951
12.912
12.905
12.910
12.905
12.902

GRID MARCH 2
8.848
8.328
8.050
7.575
7.249
7.144
6.980
6.874
6.812
6.735
6.689
6.637
6.618
6.592
6.559
6.542
6.517
6.493
6.493
6.512

GRID MARCH 2 O
3.649
3.421
3.375
3.341
3.331
3.383
3.410
3.420
3.448
3.418
3.408
3.392
3.412
3.398
3.385
3.372
3.362
3.355
3.362
3.365

OCTREE BRUTE FORCE
30.635
30.412
30.489
30.683
31.405
32.232
32.145
32.092
31.978
31.867
31.942
31.905
31.912
31.896
31.958
31.980
31.994
31.984
31.998
32.014

OCTREE RECURSIVE
29.438
28.867
28.759
29.047
29.220
29.262
29.386
29.492
29.639
29.758
29.849
29.872
29.900
29.944
29.973
30.014
30.050
30.023
30.041
30.035

OCTREE RECURSIVE O
15.628
15.866
16.130
16.390
16.479
16.493
16.650
16.734
16.893
16.922
17.077
17.117
17.179
17.238
17.264
17.265
17.324
17.373
17.456
17.477

// nasumicno generisana vokselna kocka, lvl 5, seed 129832191

BRUTE FORCE
16580.690
16617.621
16654.553
16691.484
16728.415
16765.347
16802.278
16839.210
16876.141
16913.072
16950.004
16986.935
17023.866
17060.798
17097.729
17134.661
17171.592
17208.523
17245.455
17282.386

DIR ARRAY
11447.297
11447.069
11446.841
11446.613
11446.384
11446.156
11445.928
11445.700
11445.472
11445.244
11445.015
11444.787
11444.559
11444.331
11444.103
11443.875
11443.646
11443.418
11443.190
11442.962

DIR ARRAY O
208.848
208.642
206.914
220.847
227.158
231.192
235.962
241.799
245.817
248.261
249.196
249.333
249.482
249.229
249.666
249.905
254.034
255.762
258.569
260.350

GRID MARCH 1
25.648
25.960
26.676
27.211
27.431
27.722
27.669
28.327
28.194
28.243
28.322
28.355
28.323
28.273
28.324
28.314
28.345
28.317
28.317
28.331

GRID MARCH 2
9.154
8.454
8.209
8.377
8.198
8.179
8.118
8.083
8.017
8.010
7.957
7.963
8.007
8.026
8.061
8.026
8.004
7.979
7.967
7.948

GRID MARCH 2 O
3.646
3.404
3.374
3.326
3.309
3.350
3.354
3.367
3.489
3.570
3.639
3.710
3.785
3.865
3.926
3.961
3.999
4.061
4.071
4.097

OCTREE BRUTE FORCE
83.545
84.087
84.120
88.331
90.492
94.069
96.710
99.283
101.359
102.781
104.101
105.189
105.565
106.035
106.402
106.794
107.241
107.769
108.337
108.835

OCTREE RECURSIVE
103.360
105.548
105.676
110.268
110.706
108.502
109.278
110.042
110.696
111.168
112.292
112.496
112.621
112.633
112.933
113.102
113.279
113.508
113.701
113.825

OCTREE RECURSIVE O
10.103
9.255
8.957
8.952
8.985
8.987
8.988
8.995
9.017
8.974
8.958
8.968
8.983
9.014
9.027
9.051
9.059
9.069
9.080
9.096

// nasumicno generisana vokselna kocka, lvl 6, seed 129832191

BRUTE FORCE
102453.215
102681.414
102909.619
103137.819
103366.018
103594.223
103822.422
104050.628
104278.827
104507.026
104735.231
104963.431
105191.630
105419.835
105648.034
105876.240
106104.439
106332.638
106560.843
106789.042

DIR ARRAY
41789.073
41788.241
41787.409
41786.576
41785.740
41784.908
41784.076
41783.243
41782.411
41781.579
41780.743
41779.910
41779.078
41778.246
41777.413
41776.581
41775.745
41774.913
41774.080
41773.248

DIR ARRAY O
1838.735
1841.446
1844.156
1846.867
1849.578
1852.288
1854.999
1857.709
1860.420
1863.131
1865.841
1868.552
1871.263
1873.973
1876.684
1879.394
1882.105
1884.816
1887.526
1890.237

GRID MARCH 1
60.119
53.947
51.674
50.397
49.204
48.123
47.313
46.789
46.393
46.070
45.718
45.438
45.253
45.278
45.300
45.198
45.200
45.139
45.232
45.268

GRID MARCH 2
7.852
7.199
6.812
6.960
6.724
6.627
6.565
6.406
6.360
6.393
6.353
6.331
6.296
6.273
6.282
6.296
6.371
6.351
6.347
6.340

GRID MARCH 2 O
4.851
4.565
4.389
4.326
4.308
4.290
4.300
4.233
4.246
4.198
4.182
4.185
4.209
4.181
4.146
4.136
4.118
4.128
4.125
4.109

OCTREE BRUTE FORCE
219.750
211.451
212.830
207.295
202.747
209.133
215.713
218.420
220.985
222.445
223.846
226.375
229.196
232.232
235.089
237.946
240.803
243.660
246.517
249.374

OCTREE RECURSIVE
82.274
82.940
83.524
84.027
84.447
84.785
85.042
85.216
85.308
85.319
85.247
85.094
84.858
84.540
84.141
83.659
83.096
82.451
81.723
80.914

OCTREE RECURSIVE O


// =-=-=-=

	bf	dirarr	dirarrO	gm1	gm2	gm2o	octbf	octrec	octreco
cube16	2740.14	3135.17	45.981	13.322	7.012	3.400	31.676	29.628	16.848
cube32	16931.5	11445.1	240.048	27.815	8.137	3.665	99.552	110.782	9.076
cube64	104621	41781.1	1864.49	47.653	6.557	4.261	225.290	83.930	10.529