// =-=-=-= GRID MARCH 2 O

ares-vallis_128, Arctic, GRID MARCH 2 O
5.179
5.022
5.168
5.069
5.072
5.056
5.017
5.119
5.093
5.199
5.300
5.380
5.461
5.473
5.511
5.537
5.540
5.521
5.507
5.505

ares-vallis_128, Dune, GRID MARCH 2 O
7.343
7.171
7.109
6.692
6.527
6.536
6.474
6.391
6.295
6.298
6.264
6.277
6.230
6.202
6.323
6.300
6.433
6.470
6.496
6.486

ares-vallis_128, Pastoral Shallow, GRID MARCH 2 O
6.399
6.280
6.368
6.280
6.316
6.270
6.271
6.234
6.224
6.251
6.363
6.352
6.318
6.320
6.286
6.291
6.265
6.240
6.230
6.237

ares-vallis_128, Mars, GRID MARCH 2 O
6.319
6.139
6.111
6.130
6.060
5.956
5.938
6.255
6.359
6.423
6.499
6.548
6.543
6.564
6.578
6.618
6.595
6.542
6.494
6.522

// =-=-=-= OCTREE REC O

ares-vallis_128, Arctic, OCTREE REC O
16.171
16.307
16.291
16.343
16.323
16.359
16.458
16.481
16.542
16.539
16.542
16.544
16.561
16.573
16.566
16.573
16.590
16.576
16.561
16.581

ares-vallis_128, Dune, OCTREE REC O
14.267
14.209
14.298
14.430
14.445
14.436
14.406
14.451
14.470
14.496
14.508
14.530
14.554
14.557
14.562
14.566
14.555
14.555
14.554
14.567

ares-vallis_128, Mars, OCTREE REC O
15.166
14.836
14.701
14.996
14.982
15.662
16.233
16.521
16.816
17.035
17.217
17.367
17.531
17.687
17.856
17.943
17.976
18.087
18.190
18.253

ares-vallis_128, Pastoral Shallow, OCTREE REC O
14.504
15.970
16.632
17.034
17.420
17.627
17.641
17.751
17.867
17.956
18.037
18.168
18.205
18.271
18.308
18.297
18.329
18.373
18.413
18.443