// nasumicno generisana vokselna kocka, lvl 4, seed 129832191

BRUTE FORCE
156.015
156.701
157.185
156.967
158.141
159.314
159.521
159.029
158.717
158.532
158.876
159.245
160.102
160.325
160.785
160.921
161.149
161.491
161.758
161.982

DIR ARRAY
48.972
47.941
47.431
47.308
47.044
46.978
46.820
46.753
46.758
46.750
46.746
46.734
46.715
46.698
46.681
46.664
46.648
46.633
46.619
46.605

DIR ARRAY O
8.140
7.889
7.835
8.516
9.091
9.470
9.759
9.989
10.156
10.291
10.370
10.459
10.558
10.621
10.695
10.742
10.796
10.825
10.872
10.901

GRID MARCH 1
39.224
38.967
38.684
38.796
38.866
38.997
38.971
38.984
38.958
38.976
38.995
39.011
39.028
39.041
39.055
39.069
39.083
39.096
39.108
39.120

GRID MARCH 2
5.705
5.585
5.484
5.490
5.483
5.631
5.860
6.047
6.187
6.103
6.157
6.196
6.223
6.241
6.253
6.275
6.287
6.301
6.319
6.335

GRID MARCH 2 O
6.690
6.737
6.784
6.805
6.771
6.739
6.705
6.685
6.654
6.637
6.623
6.605
6.587
6.572
6.556
6.541
6.528
6.517
6.505
6.494

OCTREE BRUTE FORCE
27.737
27.661
27.729
26.839
26.218
25.816
26.081
26.491
26.172
25.902
25.672
25.442
25.294
25.102
24.875
24.742
24.620
24.511
24.423
24.357

OCTREE RECURSIVE
25.220
25.427
26.045
26.459
26.683
26.828
26.954
27.096
27.188
27.281
27.363
27.443
27.517
27.589
27.657
27.721
27.783
27.841
27.898
27.952

OCTREE RECURSIVE O
22.820
20.282
18.331
17.358
17.491
17.593
17.685
17.791
17.867
17.924
17.984
18.036
18.093
18.153
18.211
18.264
18.315
18.365
18.412
18.458

// nasumicno generisana vokselna kocka, lvl 5, seed 129832191

BRUTE FORCE
1686.145
1689.886
1680.158
1692.245
1688.238
1684.000
1684.904
1684.904
1686.669
1685.190
1690.111
1687.234
1689.875
1688.450
1691.222
1685.342
1684.567
1686.987
1690.453
1692.111

DIR ARRAY
1365.550
1289.798
1239.686
1228.223
1212.539
1202.079
1194.004
1196.750
1198.673
1202.934
1204.623
1199.345
1201.876
1203.432
1205.998
1210.342
1211.034
1213.876
1209.456
1212.789

DIR ARRAY O
50.393
51.112
51.566
52.542
53.032
53.233
53.364
53.555
53.745
53.854
54.001
54.122
54.245
54.366
54.500
54.643
54.789
54.865
54.912
55.034

GRID MARCH 1
93.455
93.153
94.175
90.621
88.193
84.788
82.121
80.789
79.862
79.111
78.987
78.543
78.234
77.956
77.689
77.345
76.987
76.854
76.643
76.412

GRID MARCH 2
7.083
6.855
7.045
6.986
6.929
6.894
6.910
6.915
6.871
6.844
6.876
6.899
6.932
6.965
6.984
6.943
6.899
6.877
6.889
6.866

GRID MARCH 2 O
4.183
4.240
4.177
4.157
4.348
4.302
4.273
4.235
4.240
4.203
4.211
4.233
4.245
4.254
4.265
4.298
4.312
4.332
4.355
4.365

OCTREE BF
59.063
57.670
57.726
58.054
58.053
58.479
58.557
58.646
58.765
58.966
59.243
59.567
59.890
60.022
60.145
60.234
60.312
60.445
60.543
60.678

OCTREE REC
58.871
60.410
61.002
61.525
59.954
59.188
58.022
58.082
60.419
61.392
61.543
61.789
61.987
62.112
62.230
62.354
62.411
62.523
62.689
62.743

OCTREE REC O
46.630
46.768
47.214
43.820
41.958
40.653
39.548
38.921
38.485
38.262
38.145
38.034
37.967
37.854
37.756
37.689
37.643
37.554
37.432
37.365

// nasumicno generisana vokselna kocka, lvl 6, seed 129832191

BRUTE FORCE
34342.372
34343.348
34347.652
34349.707
34350.605
34349.078
34351.996
34350.748
34358.583
34367.856
34369.143
34370.598
34372.245
34375.382
34378.689
34380.903
34381.567
34384.756
34388.340
34391.456

DIR ARRAY
7543.244
7544.220
7548.524
7550.579
7551.477
7549.950
7552.868
7551.620
7559.455
7568.728
7570.321
7572.654
7575.143
7577.895
7579.346
7580.892
7582.430
7583.973
7586.321
7588.667

DIR ARRAY O
634.341
627.841
634.867
666.029
682.189
680.686
674.602
672.081
668.250
663.631
661.543
659.230
657.980
655.431
653.761
652.120
650.489
648.320
645.981
644.298

GRID MARCH 1
142.688
142.563
143.239
147.314
150.225
148.685
147.852
147.737
147.787
147.460
146.987
146.543
146.234
145.875
145.432
145.298
144.954
144.765
144.678
144.543

GRID MARCH 2
36.548
37.013
36.413
37.252
38.305
37.807
36.485
35.604
34.976
34.500
34.320
34.145
33.987
33.756
33.543
33.321
33.089
32.876
32.743
32.610

GRID MARCH 2 O
8.226
7.472
7.387
7.963
7.779
7.727
7.820
7.887
7.799
7.785
7.743
7.689
7.643
7.598
7.532
7.489
7.456
7.422
7.398
7.365

OCTREE BF
125.931
122.203
121.030
122.378
121.734
122.591
123.177
123.797
124.413
125.117
125.654
126.243
126.897
127.354
127.789
128.123
128.543
128.965
129.210
129.543

OCTREE REC
122.106
130.524
132.818
135.181
135.741
135.870
135.821
135.904
136.152
136.408
136.754
137.021
137.432
137.789
137.932
138.145
138.354
138.543
138.765
138.987

OCTREE REC O
41.155
41.115
41.799
42.268
42.330
42.534
42.753
43.245
43.539
43.547
43.654
43.798
43.987
44.145
44.243
44.367
44.543
44.632
44.798
44.932

// =-=-=-=

	bf	dirarr	dirarrO	gm1	gm2	gm2o	octbf	octrec	octreco
cube16	159.338	46.975	9.899	39.001	6.008	6.637	25.784	27.097	18.372
cube32	1687.43	1220.15	53.594	82.096	6.923	4.261	59.253	61.062	39.985
cube64	34365.2	7565.92	656.684	146.043	34.965	7.659	125.535	135.812	43.369